user,Lorem?,Ipsum?
pierre,2|4,
ps250112,2,5
Anonymous,['4'],3
Kashif,['4'],5